116
108
61
88
90
104
104
117
118
118
106
129
136
143
139
132
94
81
94
124
149
100
105
88
124
121
101
93
78
74
55
65
87
84
56
52
73
101
112
130
107
82
89
81
80
67
105
98
88
58
65
60
95
85
94
74
75
68
74
101
85
79
91
106
85
50
57
57
99
111
149
113
78
59
95
90
75
54
101
95
82
31
58
92
124
99
99
92
99
76
77
116
139
133
100
71
65
76
91
96
69
71
53
82
94
105
109
76
90
99
130
136
136
133
142
112
109
87
82
86
69
84
83
122
120
122
103
77
65
49
105
76
111
96
129
142
109
83
64
88
106
113
93
97
68
93
64
87
51
71
54
61
70
78
90
63
48
62
62
68
81
119
146
148
122
103
97
80
88
73
77
86
108
109
108
78
85
54
81
78
86
53
86
114
121
89
45
40
42
63
81
81
83
105
138
144
113
92
88
96
122
133
115
98
107
101
117
117
153
143
113
116
83
78
37
41
41
84
92
84
57
68
89
111
79
83
71
117
127
114
69
73
103
147
130
132
106
128
113
103
87
57
101
115
125
104
101
98
105
106
122
92
84
56
101
60
72
50
85
109
120
105
91
78
60
42
60
75
101
68
100
109
131
86
82
78
121
100
85
77
87
118
79
94
77
92
78
87
121
94
81
33
53
55
62
43
48
54
86
87
105
111
110
120
115
117
106
103
100
109
109
117
108
105
132
130
140
119
154
177
165
130
139
144
154
149
181
195
204
191
200
172
151
157
178
206
213
207
198
185
164
184
187
180
164
150
150
148
132
170
152
180
175
187
199
201
191
178
155
169
180
174
182
174
210
212
180
166
148
191
156
140
149
196
223
195
169
177
180
192
182
185
185
194
173
175
178
178
191
183
204
201
209
230
205
179
149
149
181
178
199
183
210
187
143
161
209
258
234
187
152
122
163
224
275
243
208
209
222
231
203
196
186
154
123
136
136
180
210
250
193
122
69
117
134
187
214
239
230
160
195
170
242
204
236
154
106
88
168
236
194
141
117
154
208
203
165
97
74
93
156
140
211
184
196
143
172
231
271
262
212
210
177
214
189
153
104
62
98
151
143
121
98
157
223
202
146
77
81
169
208
263
204
150
127
95
175
172
209
217
168
219
147
198
178
235
252
191
120
70
149
228
250
189
129
163
201
258
229
235
179
191
164
162
169
181
226
192
188
180
203
192
198
186
199
185
181
184
184
193
189
178
188
206
218
226
193
199
178
198
191
188
182
182
180
181
184
185
181
198
206
207
197
202
211
191
174
160
178
158
179
184
177
153
131
169
148
166
171
192
179
179
189
209
193
190
174
167
174
186
220
200
187
182
199
207
178
151
121
152
173
217
165
119
117
160
245
202
213
133
163
149
144
147
108
117
146
156
222
201
200
200
153
135
102
162
202
187
117
99
113
141
193
164
184
182
230
213
146
134
154
204
196
185
128
125
119
150
185
158
132
123
202
204
199
149
158
174
172
176
152
130
163
139
208
218
253
209
155
110
112
173
183
214
141
137
88
139
178
181
156
181
204
236
186
187
128
178
164
173
170
217
234
151
85
68
149
158
200
200
257
289
242
244
213
231
212
183
140
126
172
174
175
181
210
177
112
97
167
170
220
205
253
184
136
78
107
148
183
201
179
177
168
169
187
214
191
181
136
133
122
127
180
184
199
188
200
186
182
178
195
161
149
146
147
152
149
194
194
204
197
172
160
147
165
192
195
212
176
174
185
167
172
167
208
197
158
169
164
194
151
148
136
175
182
207
209
179
159
146
168
199
187
195
168
155
150
125
135
113
126
149
161
162
168
155
199
153
176
172
152
196
186
257
214
212
201
161
190
211
245
223
144
182
157
188
165
140
156
189
191
182
171
174
152
140
159
156
122
155
151
209
209
237
244
254
255
196
176
134
148
100
103
92
115
140
121
141
123
179
128
193
191
262
204
203
202
232
181
184
156
167
86
80
109
190
257
207
142
145
160
232
226
261
181
181
209
253
207
200
183
244
180
201
170
225
256
247
181
142
100
164
187
246
251
270
236
228
146
121
57
89
129
196
175
214
171
218
203
211
162
117
142
173
156
138
96
130
128
189
188
191
157
168
174
179
178
179
174
169
168
171
175
148
177
186
196
161
124
140
160
176
152
145
138
150
160
160
191
164
174
142
166
191
189
183
161
186
168
176
141
172
142
175
175
217
188
191
186
204
178
160
160
172
193
185
191
167
188
189
198
185
173
184
172
199
196
229
184
188
152
186
181
220
205
222
229
256
245
175
170
125
186
160
188
146
108
121
151
213
163
170
137
161
125
101
163
224
244
156
75
65
114
155
166
169
161
210
207
191
137
152
179
209
172
173
159
203
188
213
226
210
156
133
195
268
230
149
99
97
124
122
180
210
208
139
150
164
225
206
231
199
146
165
166
252
213
202
202
239
277
247
183
191
195
229
167
160
118
108
122
177
242
240
176
151
93
128
112
175
221
238
228
205
164
123
64
151
134
192
190
206
144
134
181
197
140
161
167
226
213
196
167
158
154
169
154
152
159
162
198
177
178
209
204
203
191
190
190
186
180
159
168
190
202
163
160
155
178
166
182
183
199
208
222
225
218
208
194
190
200
195
192
163
162
166
163
180
174
198
205
222
203
192
149
150
139
183
199
189
179
190
206
206
197
196
196
194
190
171
159
161
165
177
185
200
199
185
187
169
167
134
166
179
198
182
162
178
152
123
117
136
216
233
249
256
231
233
187
186
172
153
192
162
226
195
196
185
171
204
134
115
92
104
100
108
104
113
152
154
203
216
215
199
147
154
96
102
141
164
161
164
229
194
181
182
250
207
175
146
175
143
112
150
128
134
88
155
166
165
157
164
204
149
191
125
193
157
220
156
160
168
159
156
171
174
136
120
144
178
157
170
214
213
204
157
110
124
147
176
182
149
120
155
192
279
219
193
117
128
177
211
189
111
123
114
192
153
182
125
134
113
155
164
197
166
198
186
205
163
177
166
197
203
198
184
175
177
166
189
204
222
206
193
188
156
125
137
132
136
125
133
137
137
173
177
174
175
203
208
184
166
158
175
193
189
189
191
201
197
191
181
166
133
135
154
189
210
219
191
185
145
160
155
182
208
191
190
171
193
205
206
197
193
189
179
172
150
174
181
200
172
143
137
168
173
176
114
93
64
109
138
144
121
84
137
162
157
113
115
164
190
158
171
140
138
139
152
149
131
175
248
241
184
141
175
164
198
212
262
267
265
256
249
171
201
169
244
182
162
89
86
121
200
247
226
229
221
267
221
190
166
146
197
207
227
186
175
198
185
143
150
194
249
189
140
74
89
122
113
121
94
121
94
126
161
178
154
124
136
149
165
194
224
173
172
144
163
168
153
135
95
118
155
133
114
147
207
205
181
162
200
204
165
153
114
188
218
242
200
168
145
187
135
150
67
91
152
225
224
185
145
178
164
202
186
184
149
147
163
186
196
190
189
175
170
142
135
145
178
199
174
170
163
163
155
160
185
186
180
205
200
187
140
135
157
171
171
165
168
155
165
187
195
189
186
173
147
147
185
186
195
182
195
165
163
191
196
177
141
134
154
169
161
170
170
176
177
175
177
175
170
171
170
186
213
182
177
130
159
174
163
110
52
57
123
139
129
123
151
176
128
157
182
171
171
128
186
192
252
219
142
153
202
288
289
228
214
170
242
241
281
201
155
121
197
175
146
79
153
179
189
154
125
120
96
128
119
153
110
151
95
170
154
188
132
153
207
210
214
205
242
196
139
110
174
221
239
202
204
224
201
176
130
148
114
115
142
163
175
145
122
102
92
135
153
184
194
222
169
124
148
217
206
163
130
195
204
182
150
145
128
118
144
155
167
125
159
190
161
175
147
166
152
169
204
222
166
110
68
124
178
191
163
150
163
184
186
178
174
177
187
176
178
167
180
170
183
202
196
209
189
222
203
188
163
170
182
204
203
188
175
168
194
191
198
190
174
167
160
173
166
181
165
165
158
189
210
213
219
217
189
160
152
184
196
193
187
198
191
186
173
174
168
169
171
168
171
179
180
179
188
177
182
154
192
206
221
175
175
176
211
151
152
117
178
168
215
179
216
196
217
141
99
132
141
190
168
195
224
178
220
212
241
211
198
237
227
250
198
228
168
219
218
254
166
140
95
119
97
84
61
67
79
109
83
73
70
139
136
146
112
154
151
157
181
164
198
183
189
157
188
247
244
167
112
160
156
174
100
113
116
115
104
135
198
273
279
239
191
164
212
186
141
65
98
98
113
88
110
117
122
87
144
155
178
116
169
229
251
209
136
107
157
151
152
74
150
215
220
202
190
203
184
194
169
128
99
157
159
122
94
134
165
165
157
142
165
189
191
192
169
192
205
207
189
162
188
211
238
241
242
238
212
193
156
162
154
177
182
213
230
215
183
164
179
187
180
175
160
164
158
190
205
205
174
157
182
215
213
186
179
205
197
183
178
208
232
209
184
181
190
215
201
188
170
162
167
185
195
179
146
146
190
207
219
175
169
163
172
173
197
245
239
193
129
151
180
179
128
114
110
121
153
140
158
148
221
219
211
211
214
181
125
151
179
210
225
181
179
101
155
146
202
161
205
173
145
88
100
181
222
239
205
207
176
189
155
158
101
142
193
197
139
96
141
196
183
168
126
120
165
158
183
139
174
193
160
130
117
201
221
238
203
185
184
182
156
141
175
222
262
203
226
226
264
278
248
253
168
112
127
176
258
174
121
61
144
159
184
147
163
116
89
87
166
151
213
156
152
98
146
228
263
278
269
259
206
212
155
168
120
189
190
214
181
185
181
170
166
178
191
182
181
186
205
211
232
212
181
150
139
138
131
144
162
162
145
148
165
174
168
160
185
172
198
183
197
196
205
211
198
209
198
195
191
182
157
154
161
199
203
223
179
171
159
165
173
164
195
173
191
178
186
188
195
211
204
211
191
191
166
159
174
193
224
172
154
114
163
182
203
146
111
150
210
198
170
184
196
174
138
199
232
219
177
125
179
207
248
185
203
183
218
208
242
213
215
200
205
177
157
149
145
195
240
274
249
197
154
177
182
151
77
57
136
196
223
210
151
147
122
182
180
214
216
226
168
118
141
186
200
151
102
130
163
161
106
114
178
174
152
112
129
104
140
190
218
214
223
214
217
203
194
191
169
237
186
180
114
99
142
215
252
199
147
107
108
158
174
170
132
151
206
204
172
154
175
183
154
173
243
254
207
198
194
197
206
239
287
231
207
118
152
177
267
286
245
228
188
224
222
245
181
148
108
108
140
165
174
189
228
274
217
167
112
169
156
159
98
96
172
211
209
196
139
132
79
119
193
257
251
225
200
189
175
146
183
181
204
146
105
89
116
190
197
223
147
105
109
134
175
148
126
144
129
121
73
131
176
178
178
180
196
122
164
202
261
194
157
175
240
276
253
248
196
215
148
166
103
113
160
232
253
258
260
277
279
207
202
197
256
199
169
172
245
224
208
208
194
157
126
128
146
168
229
191
213
196
228
190
166
202
199
162
146
147
218
220
193
183
201
178
158
94
175
163
195
174
190
162
144
121
188
209
222
189
231
271
270
255
282
332
298
227
219
190
241
195
224
219
206
185
138
135
193
249
253
204
142
138
140
185
202
199
152
206
231
223
165
138
142
193
207
244
243
234
197
185
186
230
179
196
189
258
298
346
340
326
309
303
268
237
246
234
216
142
190
214
210
201
240
303
315
280
283
273
279
303
303
255
248
226
295
262
239
248
215
270
225
256
220
195
212
198
241
243
224
164
175
171
239
163
178
137
227
251
219
191
186
199
162
179
234
211
188
150
203
199
237
212
236
213
257
267
276
274
257
249
250
234
210
210
254
263
222
218
191
213
187
269
228
259
216
265
250
292
293
301
243
226
204
186
189
172
239
269
260
230
160
188
217
210
214
189
203
218
212
214
222
225
274
248
230
163
174
161
236
212
259
245
285
250
202
178
191
243
221
221
227
202
216
149
220
225
265