140
133
141
109
83
63
94
85
122
112
118
112
119
113
87
88
89
93
77
92
78
79
86
87
57
34
60
91
118
117
95
92
96
84
51
49
91
97
107
90
110
81
98
99
117
125
127
125
76
74
72
77
46
61
62
98
67
88
99
87
70
72
118
157
160
125
121
72
92
84
94
75
41
33
30
75
118
121
93
46
59
49
49
62
90
96
83
73
112
93
88
83
110
129
95
102
65
99
87
117
90
82
60
100
132
167
126
112
90
124
83
109
82
97
61
54
94
110
150
146
118
119
100
134
119
109
122
96
110
75
117
102
123
97
123
93
102
82
117
79
65
71
110
139
108
103
110
123
117
113
99
98
89
91
100
88
106
84
71
51
61
60
68
82
84
91
89
90
62
72
77
80
76
96
106
88
53
66
84
82
82
87
93
88
86
94
101
83
90
90
79
70
67
69
97
70
69
40
68
74
114
121
122
73
40
30
76
101
135
116
111
90
116
131
119
112
98
84
79
55
90
49
82
54
98
78
79
67
73
73
79
63
102
84
82
54
40
42
39
53
57
49
66
61
96
71
92
71
78
83
78
63
86
96
139
114
87
85
90
142
103
104
79
91
91
69
96
88
88
84
88
130
107
107
104
131
107
71
70
86
87
64
88
127
114
71
58
90
102
117
87
84
61
82
94
104
93
82
73
77
101
99
99
84
88
92
100
102
106
107
103
95
99
95
97
121
173
204
192
195
193
205
158
163
137
173
177
206
200
189
193
176
172
163
188
207
216
212
196
186
173
159
173
189
212
168
172
169
215
187
171
160
187
200
201
189
183
172
162
160
160
148
169
177
207
193
190
154
161
176
223
238
243
242
230
222
188
183
176
199
200
205
194
183
158
166
180
173
180
177
205
197
191
155
170
167
176
150
140
133
165
149
211
187
237
158
116
79
76
109
114
138
118
112
114
117
177
190
217
216
256
256
167
114
139
224
247
215
155
133
100
81
90
89
172
161
186
143
173
184
173
138
107
155
206
220
203
137
155
158
154
172
184
211
222
210
263
278
273
224
204
145
111
129
195
245
213
182
163
174
139
160
103
117
84
137
189
242
243
208
194
191
184
155
155
175
182
127
98
78
116
143
177
215
251
288
266
207
139
102
127
146
205
222
260
183
181
170
169
176
182
265
203
192
190
224
188
159
190
213
208
157
131
154
213
243
232
187
195
190
213
188
186
180
196
187
173
181
180
204
199
191
154
133
114
139
159
196
184
157
146
160
191
190
189
192
195
196
176
188
173
176
171
191
206
185
171
134
139
141
168
195
215
192
184
148
142
128
160
191
201
199
190
190
178
192
185
175
181
188
216
188
178
175
161
155
147
175
192
187
166
139
126
164
189
188
187
154
149
165
163
137
73
73
150
183
180
158
184
225
185
175
205
227
196
163
152
212
233
277
238
210
156
136
161
210
206
208
142
155
155
241
204
159
97
158
218
253
259
220
185
179
196
241
230
184
201
175
216
139
173
114
160
100
158
184
264
253
203
190
175
205
169
185
132
182
130
120
113
128
170
183
204
226
182
181
145
103
151
175
210
212
166
153
127
187
213
189
136
126
149
150
186
215
262
187
189
177
211
194
201
254
187
180
141
167
167
130
189
202
215
163
112
110
120
162
183
214
210
220
187
185
181
182
197
214
199
180
140
141
145
152
151
146
148
182
187
187
166
155
139
130
142
162
155
154
164
209
213
218
208
176
159
144
152
182
189
201
195
186
176
133
130
140
173
159
169
182
192
183
147
140
146
188
194
206
204
192
167
145
159
194
199
202
187
183
171
137
120
150
177
180
175
202
179
172
111
148
149
217
245
215
144
131
198
236
174
96
59
141
214
258
230
224
177
178
185
181
148
85
157
212
210
154
97
109
147
213
192
176
167
207
206
202
173
206
190
227
229
173
140
154
156
202
167
184
117
78
54
59
135
199
233
147
153
155
198
208
180
208
189
180
107
60
92
147
170
162
137
114
146
160
162
111
143
149
209
138
176
190
243
238
243
196
157
103
143
168
200
187
161
126
142
180
226
198
212
180
173
153
135
131
91
127
171
189
127
97
138
177
232
239
202
155
121
155
172
177
176
189
189
184
154
165
164
164
167
179
179
176
185
186
183
150
155
171
200
172
177
156
189
138
124
123
133
151
153
152
169
155
183
164
182
184
196
199
175
185
157
170
162
166
139
137
136
180
161
182
166
186
168
159
165
160
184
161
180
159
178
180
178
180
167
184
163
160
163
165
187
163
204
183
161
118
145
181
184
211
173
213
144
182
162
147
103
88
143
175
169
149
127
140
165
151
174
140
157
116
121
130
171
152
140
73
137
157
231
178
152
106
149
160
167
172
227
269
222
186
123
126
107
98
86
110
139
142
180
147
141
122
137
129
119
139
182
168
222
251
272
186
143
91
93
111
119
146
95
113
168
210
202
139
92
121
173
213
202
152
177
143
162
108
140
162
169
208
177
238
152
135
121
178
166
148
93
100
145
191
223
138
125
96
176
200
210
211
148
197
154
182
137
171
143
161
144
160
189
141
187
168
194
180
171
190
194
200
190
182
188
196
190
157
155
179
224
199
182
176
179
184
146
172
175
194
204
215
223
208
189
186
186
187
178
156
154
162
159
174
182
212
192
163
152
136
160
151
157
129
141
137
183
198
221
199
187
181
189
183
178
165
158
166
165
174
185
195
211
197
181
137
137
163
192
173
148
160
159
126
114
174
249
251
194
187
153
160
97
154
204
256
229
205
161
202
217
240
159
155
153
220
150
167
106
110
117
161
179
139
152
164
215
221
226
173
106
146
140
195
191
252
249
188
127
146
212
214
172
97
168
150
189
179
186
174
121
168
140
175
141
137
131
139
200
184
163
102
121
135
163
158
148
202
242
270
273
248
243
216
154
105
108
143
218
193
232
212
260
236
196
139
140
200
219
238
233
268
208
222
157
172
136
123
129
141
219
214
233
201
185
189
194
182
144
92
95
83
131
132
121
100
132
156
179
197
192
192
183
201
181
201
195
210
197
190
199
203
206
193
170
139
152
156
199
179
187
148
160
166
190
201
181
180
175
198
200
195
177
184
176
189
185
201
186
165
139
137
163
156
149
115
157
163
187
190
219
229
194
176
171
182
200
195
208
195
192
192
203
195
181
181
173
168
147
175
178
204
197
230
169
193
140
186
151
142
173
175
187
110
134
139
181
175
148
156
172
191
203
218
237
206
115
78
75
118
188
183
220
184
176
140
163
156
180
139
154
122
151
157
159
166
205
231
194
189
178
176
163
199
223
182
170
218
267
202
177
128
183
207
245
205
123
105
141
191
200
139
142
123
158
142
158
174
195
225
173
171
139
156
120
141
124
149
139
180
155
184
168
172
168
215
186
188
182
248
170
181
201
262
235
225
250
229
213
187
227
183
162
147
180
204
213
223
161
124
74
127
151
170
116
128
154
188
172
145
178
181
182
144
138
163
184
199
199
197
176
158
138
120
125
152
181
208
173
159
152
180
203
187
187
166
184
178
168
137
129
153
175
178
178
166
154
161
159
172
139
145
119
129
127
141
146
148
173
174
185
182
215
206
186
135
127
143
170
167
158
153
149
165
154
193
203
196
179
178
216
234
212
194
128
151
180
206
143
137
154
156
125
152
215
261
198
148
118
165
210
235
185
177
116
123
124
150
223
215
199
136
166
199
211
152
118
134
167
230
243
246
207
159
179
159
156
151
140
180
145
143
112
171
210
239
201
207
176
188
176
182
184
208
240
190
148
177
206
248
224
239
255
263
213
202
142
160
96
156
136
183
130
186
154
219
171
168
94
116
151
196
224
225
228
178
128
154
201
227
186
150
174
128
118
59
79
114
111
99
59
63
55
110
136
135
82
136
196
228
151
94
124
173
235
191
198
181
187
159
147
156
173
178
174
170
189
191
191
168
168
166
170
173
174
168
166
149
148
157
151
176
151
179
173
198
186
194
179
186
172
180
178
165
163
165
167
155
162
146
171
131
171
161
176
149
132
122
143
153
187
182
188
192
193
197
182
185
177
167
168
172
172
161
151
136
158
153
164
133
154
179
207
222
231
185
135
121
180
249
287
235
191
176
157
164
139
168
176
163
186
165
174
162
214
192
187
162
185
168
108
62
120
192
197
141
133
216
220
219
189
179
118
98
115
184
200
240
228
247
220
197
198
224
255
255
191
195
167
245
243
265
231
214
231
215
172
87
134
172
230
208
171
151
108
171
199
231
158
98
48
82
149
232
199
183
166
180
136
121
110
162
180
239
196
170
153
164
130
117
87
127
124
194
154
191
176
240
243
263
227
169
103
127
119
179
158
222
167
175
128
114
67
97
111
155
168
237
241
234
191
197
189
204
209
190
185
164
201
206
206
189
178
205
205
170
136
151
196
230
202
186
150
155
160
192
213
229
210
184
173
175
198
189
195
172
173
167
188
206
202
190
147
151
168
202
213
176
156
137
160
191
224
246
227
196
183
185
206
199
200
169
162
159
185
200
211
181
189
159
187
156
189
174
176
176
218
183
121
104
110
111
136
177
246
234
215
181
147
118
122
156
195
161
140
114
119
92
151
164
148
129
142
143
175
193
254
212
218
184
170
114
96
122
166
226
201
166
170
156
147
123
147
183
158
136
93
78
98
135
147
115
161
201
281
287
226
157
152
144
142
75
159
219
265
256
210
198
151
175
179
179
197
198
217
200
229
255
250
204
181
143
115
70
92
111
129
186
170
200
138
195
219
212
156
100
95
106
105
177
193
229
205
222
186
202
202
230
197
203
186
159
136
185
241
254
250
192
141
110
146
191
183
175
161
166
180
197
188
199
203
213
195
197
192
183
160
133
149
137
170
173
191
202
156
173
144
190
180
190
170
185
182
189
186
195
211
199
202
179
180
180
203
208
214
210
201
206
169
194
151
185
155
202
192
209
187
190
175
173
182
183
201
189
202
185
186
167
154
162
179
189
157
124
150
147
183
164
165
129
132
195
198
159
94
91
157
173
235
197
231
222
265
282
303
286
249
174
154
163
206
211
177
137
99
107
108
132
123
190
166
145
81
127
149
128
99
151
183
167
173
211
269
262
261
229
236
216
196
114
131
148
147
116
113
126
147
194
201
199
134
121
139
125
196
156
228
195
171
114
80
145
130
148
100
161
159
193
169
207
167
188
145
123
120
141
224
232
199
187
143
146
72
117
129
193
206
233
215
210
206
183
161
187
219
235
164
141
127
122
133
97
168
167
200
132
102
115
178
215
228
233
257
199
218
212
284
269
242
242
219
242
202
183
181
140
138
151
148
192
127
184
162
161
176
142
171
164
207
242
190
175
125
148
144
190
219
200
198
181
177
116
139
180
198
210
156
211
134
133
67
60
79
144
194
223
199
192
167
180
161
155
166
173
201
166
204
241
215
140
108
171
192
166
110
103
112
131
193
225
222
212
216
187
193
165
247
175
217
217
241
236
217
202
189
159
197
173
155
134
164
202
199
205
148
145
68
89
83
161
172
160
151
130
174
98
122
78
105
129
134
187
179
227
182
155
173
223
273
202
181
164
215
233
206
177
193
247
328
250
260
220
264
239
256
246
259
244
288
220
171
108
148
170
184
186
250
284
328
314
248
176
142
215
282
283
251
193
244
221
259
231
233
228
175
224
237
272
280
271
253
194
182
244
272
262
195
184
200
198
200
193
227
214
178
185
180
164
185
250
334
313
258
212
157
135
110
183
200
236
166
164
145
164
228
242
293
247
284
296
325
331
275
276
220
190
180
218
275
286
234
176
129
148
154
141
191
209
231
231
226
237
204
253
242
276
237
266
226
230
178
133
174
196
240
207
232
191
216
186
271
258
275
225
210
172
219
184
199
191
226
231
229
246
250
260
217
256
217
211
214
253
255
228
164
203
195
262
255
229
200
175
243
214
269
272
256
199
192
241
244
196
162
164
139
120
186
187
213
175
259
286
266
255
230
212
171
133
194
182
180
185
207
271
250
244
240
245
288
314
277
235