82
58
91
107
123
104
96
78
103
119
107
61
76
94
138
112
108
100
120
141
153
148
146
132
101
61
73
67
66
59
65
83
47
79
59
57
32
64
86
72
64
43
72
77
104
81
80
67
84
63
62
41
44
71
104
123
109
94
101
75
88
76
103
109
120
97
73
88
76
84
46
66
80
78
60
49
51
49
41
78
125
134
137
100
121
91
119
97
85
88
113
114
113
94
124
98
111
120
117
73
20
15
64
74
107
107
115
128
85
67
58
90
137
150
120
123
103
131
125
98
112
122
145
142
119
103
105
85
91
55
83
75
89
65
87
75
89
83
86
93
105
118
111
78
80
71
74
67
63
89
86
120
137
140
114
88
113
136
116
107
71
97
87
116
122
127
97
97
83
104
71
67
51
57
62
69
78
67
55
75
98
94
80
84
125
112
84
38
32
38
84
93
110
107
96
91
55
69
45
64
80
84
86
74
95
106
91
112
112
150
150
154
114
111
106
137
123
90
72
65
90
78
89
98
126
95
94
102
101
60
41
67
89
95
64
46
23
64
84
120
123
151
112
82
73
80
97
85
78
94
104
96
96
91
126
110
90
100
76
76
47
78
87
117
90
81
49
47
59
59
96
102
91
52
71
104
138
123
138
99
108
107
108
97
100
115
91
68
50
41
56
104
150
129
102
97
123
100
83
65
93
97
95
100
98
111
111
118
118
114
103
99
102
112
150
198
193
195
187
205
203
169
199
193
202
193
188
196
192
191
201
179
160
166
185
213
215
217
197
180
167
196
198
191
164
141
133
161
184
185
153
158
187
203
204
196
181
167
151
165
179
183
182
186
202
206
186
179
160
190
194
185
144
163
174
206
174
192
187
204
203
205
192
177
152
160
170
172
188
189
202
200
190
186
190
165
150
110
133
159
159
147
163
220
258
201
197
157
177
190
240
232
232
172
223
149
198
131
119
64
79
142
144
184
198
198
193
173
244
202
148
86
70
99
120
195
242
218
226
171
215
163
170
157
187
236
244
216
184
161
173
195
160
117
94
157
226
211
221
238
242
259
168
160
153
239
283
227
155
140
124
127
140
141
159
102
177
161
195
170
198
152
164
187
211
154
142
163
205
207
169
136
145
162
169
165
214
225
202
169
129
116
162
154
131
108
110
137
136
147
159
139
204
185
230
176
209
208
264
279
192
204
146
151
63
99
150
190
192
189
205
179
174
164
183
181
174
182
181
196
189
162
175
180
218
191
199
167
181
146
180
172
201
182
183
184
184
180
171
177
178
162
171
180
217
189
168
152
172
175
181
156
143
107
113
145
195
220
217
196
182
180
180
194
193
206
201
195
186
182
199
171
158
154
160
193
200
209
193
165
147
158
185
212
212
210
199
167
108
78
50
51
132
212
286
223
168
175
153
210
181
227
182
128
122
136
225
232
195
134
148
191
178
125
121
171
234
219
215
190
228
192
183
125
148
189
245
272
213
196
135
192
181
207
213
254
248
191
149
118
163
124
121
86
140
182
187
141
142
170
232
238
224
207
231
252
200
142
124
158
161
168
213
213
227
140
205
192
193
180
134
161
178
160
179
106
157
118
179
168
221
194
166
122
105
148
198
222
162
185
206
250
241
240
242
226
233
206
179
140
163
159
116
133
155
213
194
199
180
198
173
169
156
176
204
228
202
176
143
134
142
149
168
189
177
180
148
159
186
174
164
145
158
162
143
142
146
178
176
192
195
178
158
135
151
179
184
191
189
192
181
182
182
216
174
148
107
140
155
171
145
153
149
178
175
195
203
178
162
146
157
190
184
195
174
167
170
177
205
189
182
147
171
155
148
152
169
153
147
152
145
120
102
113
143
177
182
197
164
153
111
91
173
163
218
169
155
156
202
235
192
112
100
114
110
94
115
117
158
172
176
170
109
165
178
202
151
130
127
156
164
191
160
156
149
173
203
208
194
183
186
195
135
154
215
288
257
206
135
123
136
157
132
146
184
188
160
135
202
238
263
250
254
194
187
155
165
185
164
242
174
204
154
220
250
240
224
189
160
175
145
195
193
244
214
153
109
105
122
107
172
160
157
150
192
214
222
206
216
195
142
159
162
160
179
172
239
215
200
192
196
192
174
173
184
177
191
189
188
159
170
164
174
153
187
180
188
168
190
187
189
186
168
169
135
149
145
145
172
163
188
170
200
199
191
177
168
186
175
161
170
171
191
188
194
199
182
187
158
160
151
171
176
165
179
170
192
173
190
200
199
187
166
183
172
155
139
163
207
191
182
141
161
148
143
168
149
140
70
54
58
66
135
196
271
249
231
183
166
125
122
127
181
169
172
187
190
216
190
238
191
146
140
150
178
184
215
254
221
185
118
92
124
155
147
147
154
212
224
254
278
251
228
157
120
133
163
199
132
144
120
195
223
225
192
192
204
215
193
164
171
179
243
248
262
234
218
210
218
168
161
173
170
98
72
97
156
169
192
152
115
147
143
139
68
131
153
182
165
163
125
153
138
135
54
86
172
229
259
251
247
266
201
189
187
245
255
229
241
218
215
134
153
168
197
155
110
169
212
238
185
178
181
201
208
198
183
182
178
187
169
158
163
182
202
213
217
228
197
175
133
147
165
212
214
212
201
207
202
192
192
191
191
167
151
153
148
167
174
199
213
220
211
174
159
137
132
124
158
159
181
175
198
193
183
190
182
193
189
173
160
154
147
164
181
213
181
177
147
180
173
183
162
157
183
204
223
161
157
138
135
166
131
164
166
185
205
172
214
208
210
227
247
227
140
75
126
147
204
177
175
128
82
87
161
194
245
195
219
169
181
118
96
113
185
181
130
67
89
152
179
206
144
144
96
83
40
121
208
264
195
192
141
161
167
197
170
82
61
124
137
182
130
199
155
165
164
238
274
236
152
132
170
212
190
156
147
146
170
166
228
184
157
147
201
270
284
232
243
228
215
217
184
238
208
246
240
253
246
270
268
228
224
192
239
207
241
228
183
184
144
139
116
153
239
229
234
222
257
219
186
159
185
203
201
197
188
204
195
203
192
203
202
200
205
204
211
211
172
178
185
226
213
190
150
132
135
179
208
220
178
170
169
195
196
189
192
192
187
181
181
212
213
184
176
174
173
152
137
178
165
156
136
167
191
211
189
191
182
193
201
197
195
198
192
200
197
191
202
209
221
199
186
151
155
144
189
141
119
85
121
133
112
105
162
154
186
173
226
222
175
130
71
121
151
162
145
191
199
166
145
134
167
195
255
246
199
214
223
182
115
137
185
229
155
192
172
195
111
143
196
270
275
221
186
129
126
97
91
87
156
178
183
148
189
170
135
127
118
127
148
160
177
168
233
236
181
187
216
232
157
117
106
138
140
168
199
214
242
205
164
77
46
45
87
99
127
134
134
125
125
177
238
229
234
177
153
129
185
221
259
256
281
258
216
207
232
203
191
166
163
142
87
88
86
86
95
131
175
243
236
226
192
159
188
182
181
158
151
180
180
203
186
188
161
155
162
182
206
208
190
168
177
188
213
170
190
170
186
172
201
204
184
148
138
151
163
164
168
154
144
152
175
201
182
147
144
134
142
118
109
123
158
187
196
170
195
196
198
158
144
161
177
186
177
178
147
158
150
156
128
125
145
141
166
164
163
151
117
162
155
171
132
97
146
159
166
124
97
114
145
171
149
146
180
215
239
237
247
175
190
180
224
170
181
132
151
113
112
134
156
177
136
98
120
126
153
155
141
202
196
170
95
89
90
107
76
108
125
162
176
191
225
192
142
72
69
97
154
156
143
166
156
211
181
214
134
89
87
107
146
186
248
266
268
192
124
113
114
181
167
187
124
98
88
156
206
217
141
67
91
118
118
95
84
114
87
71
40
126
162
176
113
151
205
220
218
232
240
236
153
117
87
139
164
204
190
239
249
214
155
116
144
162
162
195
215
215
191
177
183
199
200
191
183
177
167
181
155
166
174
169
161
112
117
142
173
206
195
203
198
205
198
192
181
174
177
164
160
148
148
153
164
175
199
200
178
136
137
137
130
127
132
158
163
191
191
195
188
196
181
185
181
179
173
170
162
159
167
180
160
157
158
171
182
199
204
182
187
160
166
139
187
221
221
195
180
145
137
87
98
82
133
181
222
195
180
214
187
171
160
154
175
168
242
197
146
126
123
189
149
149
151
128
184
129
195
200
229
230
189
192
142
171
169
151
171
165
242
234
251
226
179
156
195
181
183
92
174
212
283
224
135
94
86
109
133
168
230
238
248
172
175
120
168
158
221
237
226
157
131
104
134
99
160
159
153
168
227
267
237
189
201
222
199
228
221
242
208
158
204
193
169
166
155
217
159
165
158
150
130
155
183
246
237
191
160
122
165
134
160
131
157
146
174
179
169
186
198
192
193
169
190
196
201
180
175
196
229
232
202
197
204
200
201
190
177
174
165
215
219
241
211
189
170
176
192
179
183
159
155
147
184
204
205
159
147
158
200
208
219
174
137
92
118
168
207
225
201
187
179
175
185
172
178
156
156
165
190
208
186
190
154
147
140
148
189
185
178
155
132
169
197
218
219
231
241
244
162
133
98
156
182
203
174
134
108
167
204
232
155
185
202
278
228
218
189
186
127
116
101
116
131
200
253
275
195
177
99
154
189
210
155
120
153
201
223
179
146
141
186
225
160
103
71
143
189
207
192
166
166
156
133
118
79
86
61
74
151
174
157
114
170
248
272
238
195
204
241
271
204
173
174
192
141
70
52
112
192
184
183
155
160
143
90
122
129
174
161
159
129
172
153
163
171
213
242
239
222
180
130
122
146
163
206
257
240
153
122
100
157
111
176
166
209
186
181
175
169
183
193
212
199
194
195
203
205
220
216
202
201
223
211
190
154
172
171
183
176
183
169
181
174
194
178
201
197
199
199
197
220
189
196
180
201
219
227
193
154
127
166
198
182
174
174
218
193
184
169
192
170
190
185
197
195
191
203
194
198
186
184
177
191
177
160
125
140
183
218
200
164
182
161
139
150
161
234
184
220
189
175
193
161
145
140
133
138
75
85
157
219
280
281
300
297
283
266
210
136
146
181
228
180
191
153
169
172
222
246
221
198
155
105
151
121
193
152
223
202
235
205
190
186
174
199
142
127
105
133
160
205
252
226
220
183
245
227
179
141
139
198
242
243
246
228
195
149
160
194
213
224
239
275
193
208
205
199
178
172
233
228
164
168
127
161
122
118
132
191
176
128
57
61
135
150
213
152
189
170
165
145
93
159
171
176
156
160
194
224
243
238
244
199
239
177
155
79
63
79
86
139
127
176
201
194
188
112
154
140
176
149
187
203
236
230
253
200
142
58
98
139
139
126
94
106
104
128
187
231
220
197
143
195
225
219
197
118
102
107
155
214
153
177
187
242
229
173
171
139
204
211
241
212
209
164
142
86
109
132
180
215
172
204
210
240
230
169
199
202
187
205
138
169
154
150
126
90
170
157
143
94
184
174
168
115
173
187
189
140
104
102
148
209
173
200
163
216
178
156
176
162
151
83
66
113
145
140
131
177
240
258
192
129
108
101
134
114
165
151
223
249
230
225
219
206
136
128
172
225
210
244
271
246
256
250
269
223
186
170
162
196
204
210
157
186
222
290
275
222
173
184
217
199
169
175
164
169
177
246
304
287
277
196
208
156
160
186
172
172
121
191
187
169
149
229
298
284
225
209
188
225
243
266
242
173
203
178
252
221
233
168
144
118
101
110
185
237
282
260
294
281
254
194
196
187
220
177
171
191
252
311
322
328
292
225
185
151
162
212
238
222
220
207
256
246
305
273
251
181
223
170
186
161
218
240
214
178
162
180
176
183
212
259
269
201
210
213
233
182
162
197
209
224
162
138
107
108
150
169
170
178
229
257
220
203
171
181
174
246
286
276
267
249
243
196
199
242
229
224
185
234
256
285
311
316
326
261
202
124
168
228
249
243
243
287
274
260
205
203
148
220
258
332
282
269
224
229
190
213
203
212
173
199
222
227
200
180
163
211
199
225
178
175
163
168
174